              precision    recall  f1-score   support

           0       0.86      0.90      0.88       599
           1       0.74      0.83      0.78        63
           2       0.62      0.80      0.70        20
           3       0.61      0.49      0.54       109
           4       0.71      0.82      0.76        51
           5       0.72      0.73      0.73       158
           6       0.91      0.85      0.88       773
           7       0.60      0.89      0.72        37
           8       0.77      0.82      0.79       395
           9       0.52      0.79      0.63        14
          10       0.77      0.65      0.70        97
          11       0.63      0.81      0.71       103
          12       0.82      0.83      0.83       147
          13       0.67      0.56      0.61       227

    accuracy                           0.80      2793
   macro avg       0.71      0.77      0.73      2793
weighted avg       0.80      0.80      0.80      2793
