              precision    recall  f1-score   support

           0       0.84      0.88      0.86      1515
           1       0.73      0.78      0.75       172
           2       0.55      0.81      0.65        42
           3       0.63      0.57      0.60       309
           4       0.81      0.89      0.85       198
           5       0.83      0.85      0.84       606
           6       0.91      0.83      0.87      1726
           7       0.78      0.91      0.84       144
           8       0.89      0.87      0.88      1388
           9       0.62      0.81      0.71        37
          10       0.81      0.71      0.76       279
          11       0.78      0.82      0.80       325
          12       0.90      0.91      0.90       519
          13       0.64      0.69      0.66       688

    accuracy                           0.83      7948
   macro avg       0.77      0.81      0.78      7948
weighted avg       0.83      0.83      0.83      7948
