              precision    recall  f1-score   support

           0       0.75      0.74      0.74       778
           1       0.32      0.40      0.36        85
           2       0.05      0.06      0.05        18
           3       0.27      0.52      0.36       157
           4       0.20      0.18      0.19       114
           5       0.84      0.49      0.62       299
           6       0.77      0.96      0.85       866
           7       0.08      0.03      0.04        66
           8       0.79      0.83      0.81       645
           9       0.12      0.19      0.15        16
          10       0.52      0.59      0.55       135
          11       0.31      0.33      0.32       172
          12       0.67      0.21      0.32       270
          13       0.34      0.26      0.30       353

    accuracy                           0.63      3974
   macro avg       0.43      0.41      0.40      3974
weighted avg       0.64      0.63      0.62      3974
