              precision    recall  f1-score   support

           0       0.83      0.88      0.86      2486
           1       0.72      0.82      0.76       277
           2       0.55      0.87      0.67        69
           3       0.62      0.51      0.56       529
           4       0.81      0.88      0.84       343
           5       0.84      0.84      0.84      1008
           6       0.92      0.83      0.87      2932
           7       0.77      0.86      0.81       241
           8       0.89      0.85      0.87      2310
           9       0.57      0.75      0.65        65
          10       0.79      0.73      0.76       451
          11       0.72      0.83      0.77       545
          12       0.90      0.91      0.90       850
          13       0.61      0.66      0.64      1142

    accuracy                           0.82     13248
   macro avg       0.75      0.80      0.77     13248
weighted avg       0.83      0.82      0.82     13248
