              precision    recall  f1-score   support

           0       0.85      0.89      0.87      2025
           1       0.67      0.80      0.73       207
           2       0.58      0.85      0.69        59
           3       0.55      0.47      0.51       321
           4       0.71      0.89      0.79       168
           5       0.74      0.72      0.73       518
           6       0.91      0.83      0.87      2532
           7       0.61      0.81      0.70       131
           8       0.78      0.82      0.80      1371
           9       0.58      0.69      0.63        48
          10       0.74      0.71      0.73       326
          11       0.64      0.78      0.70       393
          12       0.78      0.85      0.81       467
          13       0.65      0.54      0.59       747

    accuracy                           0.79      9313
   macro avg       0.70      0.76      0.72      9313
weighted avg       0.79      0.79      0.79      9313
