              precision    recall  f1-score   support

           0       0.37      0.69      0.48      2187
           1       0.55      0.20      0.29       220
           2       0.71      0.33      0.45        45
           3       0.23      0.05      0.09       391
           4       0.74      0.39      0.51       269
           5       0.91      0.11      0.19       726
           6       0.78      0.62      0.69      2771
           7       0.55      0.64      0.59       184
           8       0.50      0.60      0.54      1694
           9       0.52      0.25      0.34        48
          10       0.26      0.37      0.31       306
          11       0.63      0.18      0.28       366
          12       0.46      0.59      0.51       558
          13       0.43      0.21      0.28       923

    accuracy                           0.50     10688
   macro avg       0.55      0.37      0.40     10688
weighted avg       0.56      0.50      0.48     10688
