              precision    recall  f1-score   support

           0       0.79      0.75      0.77      1017
           1       0.60      0.61      0.60       101
           2       0.58      0.56      0.57        25
           3       0.36      0.34      0.35       177
           4       0.76      0.61      0.68        95
           5       0.66      0.69      0.68       262
           6       0.80      0.81      0.81      1168
           7       0.52      0.58      0.55        60
           8       0.72      0.73      0.72       629
           9       0.45      0.54      0.49        24
          10       0.60      0.67      0.63       148
          11       0.60      0.61      0.61       179
          12       0.73      0.75      0.74       217
          13       0.47      0.48      0.47       368

    accuracy                           0.70      4470
   macro avg       0.62      0.62      0.62      4470
weighted avg       0.70      0.70      0.70      4470
