              precision    recall  f1-score   support

           0       0.24      1.00      0.39      1548
           1       0.00      0.00      0.00       169
           2       0.00      0.00      0.00        23
           3       0.00      0.00      0.00       301
           4       0.00      0.00      0.00       204
           5       0.00      0.00      0.00       601
           6       0.00      0.00      0.00       678
           8       0.00      0.00      0.00      1383
           9       0.00      0.00      0.00        26
          10       0.00      0.00      0.00       230
          11       0.00      0.00      0.00       307
          12       0.00      0.00      0.00       158
          13       0.00      0.00      0.00       731

    accuracy                           0.24      6359
   macro avg       0.02      0.08      0.03      6359
weighted avg       0.06      0.24      0.10      6359
