              precision    recall  f1-score   support

           0       0.29      0.91      0.44      1482
           1       0.00      0.00      0.00       188
           2       0.00      0.00      0.00        41
           3       0.00      0.00      0.00       314
           4       0.00      0.00      0.00       195
           5       0.46      0.61      0.53       592
           6       0.60      0.66      0.63      1760
           7       0.00      0.00      0.00       134
           8       0.73      0.30      0.42      1360
           9       0.00      0.00      0.00        45
          10       0.00      0.00      0.00       269
          11       0.00      0.00      0.00       343
          12       0.11      0.00      0.00       483
          13       0.00      0.00      0.00       743

    accuracy                           0.41      7949
   macro avg       0.16      0.18      0.14      7949
weighted avg       0.35      0.41      0.33      7949
