              precision    recall  f1-score   support

           0       0.55      0.64      0.59      1202
           1       0.63      0.10      0.18       118
           2       0.08      0.03      0.04        39
           3       0.57      0.02      0.03       223
           4       0.81      0.22      0.35       118
           5       0.59      0.68      0.63       318
           6       0.56      0.74      0.64      1509
           7       0.47      0.09      0.15        76
           8       0.33      0.40      0.36       827
           9       0.80      0.10      0.18        39
          10       0.78      0.29      0.43       173
          11       0.62      0.25      0.35       225
          12       0.70      0.53      0.60       304
          13       0.27      0.25      0.26       417

    accuracy                           0.51      5588
   macro avg       0.56      0.31      0.34      5588
weighted avg       0.53      0.51      0.48      5588
